383
129 504 
287 566 185
239 271 366 299
60 329 178 314 91
305 78 426 488 191 251
522 165 643 732 437 468 244
163 369 260 197 102 161 291 535
506 210 622 765 456 452 270 85 652
126 273 244 402 179 72 195 412 233 385
256 183 372 530 264 202 138 296 402 250 146
438 98 558 700 365 380 172 93 512 68 324 182
276 178 403 390 93 222 100 344 193 360 172 219 235
71 446 58 216 308 123 368 585 202 565 189 317 505 339
188 195 309 464 181 134 117 346 295 330 78 80 229 147 251
299 143 420 575 316 245 105 256 406 205 189 47 150 186 362 123
383 93 501 641 340 325 115 143 478 126 270 128 61 203 451 191 90
144 519 56 241 382 191 441 658 275 641 262 367 578 412 69 324 435 520
169 528 94 120 261 199 450 683 159 656 282 412 585 352 98 349 460 535 150
86 415 185 228 177 86 366 554 75 327 158 288 452 268 127 220 331 395 241 113
